data_line1 = [703.628571429000,703.942857143000,703.314285714000,705.400000000000,705.357142857000,708.057142857000,705.285714286000,703.742857143000,704.557142857000,703.385714286000,702.014285714000,707.671428571000,704.857142857000,703.985714286000,707.228571429000,704.728571429000,707.214285714000,705.371428571000,705.385714286000,706.985714286000,705.528571429000,704.928571429000,705.271428571000,708.671428571000,705.357142857000,705.557142857000,708.185714286000,708.885714286000,707.014285714000,707.971428571000,706.828571429000,707.914285714000,706.500000000000,708.971428571000,707.985714286000,707.714285714000,705.385714286000,707.385714286000,704.857142857000,705.457142857000,708.385714286000,705.014285714000,708.300000000000,706.371428571000,706.185714286000,706.500000000000,707.042857143000,708.500000000000,705.014285714000,704.400000000000,705.542857143000,706.400000000000,705.085714286000,706.914285714000,706.614285714000,711.142857143000,708.342857143000,708.600000000000,709.500000000000,708.571428571000,711.014285714000,707.128571429000,708.571428571000,705.714285714000,709.942857143000,707.957142857000,707.828571429000,707.500000000000,706.300000000000,710.628571429000,707.471428571000,708.942857143000,707,707.300000000000,706.800000000000,709.942857143000,707.985714286000,710.328571429000,707.114285714000,707.985714286000,706.457142857000,711.357142857000,707.657142857000,709.985714286000,707.242857143000,707.385714286000,706.514285714000,703.871428571000,707.571428571000,708.142857143000,709.357142857000,708.957142857000,710.614285714000,706.457142857000,708.185714286000,708.214285714000,711.385714286000,713.057142857000,713.085714286000,709.500000000000,710.585714286000,708.585714286000,710.171428571000,706.542857143000,704.400000000000,708.671428571000,707.485714286000,710.714285714000,706.314285714000,709.928571429000,708.557142857000,712.085714286000,709.728571429000,709.957142857000,711.457142857000,713.128571429000,714.300000000000,711.457142857000,711.314285714000,710.285714286000,712.014285714000,715.014285714000,709.485714286000,709.971428571000,714,708.771428571000,709.357142857000,707.957142857000,710.600000000000,709.128571429000,709.357142857000,711.342857143000,710.471428571000,713.157142857000,713.957142857000,713.942857143000,714.285714286000,712.642857143000,711.200000000000,714.942857143000,712.900000000000,714.128571429000,710.642857143000,708.728571429000,708.371428571000,704.671428571000];
data_line2 = [662.6,666.371428571,663.714285714,660.928571429,656.085714286,651.785714286,656.128571429,656.371428571,657.385714286,656.685714286,657.442857143,651.514285714,654.985714286,654.457142857,656.985714286,661.371428571,661.428571429,669.385714286,669.2,671.157142857,671.4,663.814285714,662.285714286,656.271428571,651.171428571,652.828571429,654.185714286,655.242857143,659.271428571,655.414285714,656.742857143,654.342857143,656.742857143,662.142857143,656.728571429,658.342857143,663.414285714,668.457142857,666.4,667.257142857,667.957142857,663.6,656.342857143,656.914285714,654.6,656.528571429,658.9,658.442857143,660.842857143,657.457142857,656.228571429,660.571428571,666.514285714,663.385714286,661.057142857,661.557142857,666.271428571,660.3,659.657142857,657.657142857,656.757142857,660.528571429,655.6,658.142857143,663.485714286,664.357142857,667.085714286,665.6,668.185714286,668.857142857,668.785714286,659.514285714,658.128571429,662.042857143,664.728571429,665.9,664.5,670.728571429,672.471428571,665.928571429,657.742857143,655.7,660.5,658.2,658.714285714,662.557142857,660.714285714,660.785714286,659.157142857,660.185714286,661.028571429,660.242857143,661.571428571,661.514285714,666.371428571,661.757142857,659.585714286,662.385714286,664.728571429,665.9,667.442857143,666.214285714,672.571428571,672.1,667.1,668.414285714,664.057142857,665.414285714,658.085714286,659.942857143,665.757142857,659.3,654.242857143,654.928571429,658.714285714,658.157142857,661.557142857,665.357142857,666.014285714,664.085714286,660.571428571,662.971428571,657.928571429,660.771428571,666.814285714,663.771428571,661.871428571,662.371428571,669.357142857,664.9,664.685714286,665.942857143,667.085714286,672.271428571,671.028571429,667.657142857,667.6,666.942857143,666.471428571,672.942857143,666.714285714,661.114285714,666.828571429,663.814285714,664.171428571,666.342857143];
